-500 0 -500 -500 
-500 0 -500 0 
-500 0 -500 0 
-500 -500 0 0 
-500 0 -500 0 
-500 0 0 -500 
-500 -500 0 0 
-500 0 -500 0 
-500 0 0 -500 
-500 0 -500 0 
-500 0 -500 0 
-500 0 -500 0 
-500 0 -500 0 
-500 0 -500 0 
-500 0 -500 0 
-500 0 -500 0 
-500 0 -500 0 
-500 -500 -500 0 
-500 0 -500 0 
-500 0 0 -500 
-500 -500 -500 0 
0 -500 0 -500 
0 -500 0 -500 
0 0 -500 -500 
0 -500 0 -500 
-500 0 -500 0 
0 0 -500 -500 
0 -500 0 0 
-500 0 -500 0 
0 -500 0 -500 
0 -500 0 0 
0 -500 0 -500 
0 -500 0 -500 
0 -500 0 -500 
0 -500 0 -500 
0 -500 0 -500 
0 -500 0 -500 
0 -500 0 -500 
0 -500 0 -500 
-500 0 -500 -500 
0 -500 0 -500 
0 -500 0 0 
-500 0 0 -500 
-500 -500 -500 0 
-500 0 -500 0 
0 -500 0 -500 
-500 -500 0 0 
0 0 0 -500 
0 -500 0 -500 
-500 0 -500 0 
0 0 -500 -500 
-500 0 -500 0 
-500 0 -500 0 
-500 0 -500 0 
-500 0 -500 0 
-500 0 -500 0 
-500 0 -500 0 
-500 0 -500 0 
-500 0 0 0 
-500 -500 0 0 
-500 0 -500 0 
0 0 0 -500 
-500 -500 -500 0 
0 -500 0 -500 
0 -500 0 0 
-500 0 0 -500 
0 0 0 -500 
-500 0 0 0 
-500 0 0 0 
0 -500 0 0 
-500 -500 0 0 
0 -500 0 -500 
0 -500 0 -500 
0 -500 0 -500 
0 -500 0 -500 
0 -500 0 -500 
0 -500 0 -500 
0 -500 0 -500 
0 0 -500 -500 
0 0 0 -500 
0 -500 0 0 
-500 0 -500 0 
0 -500 0 -500 
0 -500 0 0 
0 0 -500 -500 
-500 0 -500 0 
-500 0 -500 0 
0 0 -500 0 
0 0 0 0 
0 0 0 0 
0 0 -500 0 
-500 0 -500 0 
-500 0 -500 0 
-500 0 -500 0 
-500 0 -500 0 
-500 0 -500 0 
-500 0 -500 0 
-500 0 0 0 
-500 -500 -500 0 
-500 0 -500 0 
0 0 0 -500 
0 -500 0 0 
-500 0 -500 0 
0 0 -500 -500 
-500 -500 0 0 
0 -500 0 -500 
0 -500 0 -500 
0 -500 0 -500 
0 0 -500 -500 
0 0 0 -500 
0 -500 0 0 
0 -500 -500 0 
0 -500 0 -500 
0 -500 0 -500 
0 -500 0 -500 
0 -500 0 -500 
0 -500 0 -500 
0 0 -500 -500 
0 -500 0 -500 
0 -500 -500 0 
-500 0 0 -500 
0 0 0 -500 
0 -500 0 0 
-500 -500 0 0 
0 0 0 -500 
0 -500 0 -500 
-500 0 0 -500 
-500 0 -500 0 
-500 -500 0 0 
-500 0 -500 0 
0 0 0 -500 
0 -500 -500 0 
-500 0 -500 0 
-500 0 0 -500 
-500 0 -500 0 
-500 0 -500 0 
-500 0 -500 0 
-500 -500 0 0 
-500 0 -500 0 
0 -500 0 -500 
-500 0 -500 0 
-500 0 0 -500 
0 0 0 0 
0 0 0 0 
-500 0 0 0 
-500 0 0 0 
0 -500 0 0 
0 -500 0 -500 
0 0 -500 0 
0 -500 0 -500 
-500 0 -500 0 
0 -500 0 -500 
0 -500 0 0 
-500 0 -500 -500 
0 -500 -3 -500 
0 -500 -500 0 
0 -500 0 -500 
0 0 -500 -500 
0 -500 0 -500 
-500 0 -500 0 
0 -500 0 -500 
-500 0 -500 0 
0 0 0 -500 
0 0 -500 0 
0 0 -500 0 
0 0 -500 0 
0 0 -500 0 
0 -500 -500 0 
0 -500 0 -500 
-500 0 -500 0 
0 -500 -500 -500 
-500 0 -500 0 
0 0 -500 -500 
-500 -500 0 0 
-500 0 -500 0 
-2 -500 -2 -500 
-500 0 -500 0 
-500 -500 0 -500 
-500 0 -500 0 
0 -500 0 -500 
-500 0 -500 0 
0 -500 0 -500 
-500 0 0 0 
0 -500 0 -500 
0 -500 -500 0 
0 -500 0 -500 
0 -500 0 -500 
0 -500 0 -500 
0 -500 0 -500 
0 -500 0 -500 
-500 -500 0 0 
0 -500 0 -500 
-500 -500 0 -500 
0 0 -500 -500 
0 -500 0 -500 
-500 0 -500 0 
-3 -500 -2 -500 
-500 0 -500 0 
0 -500 0 -500 
-500 0 -500 0 
0 -500 0 -500 
-500 0 -500 0 
0 0 -500 -500 
-500 0 -500 0 
0 -500 0 0 
-500 0 -500 0 
-500 0 0 -500 
-500 0 -500 0 
-500 0 -500 0 
-500 -500 0 0 
0 0 -500 -500 
-500 0 -500 0 
-500 0 -500 0 
-500 -500 0 0 
-500 0 -500 0 
0 -500 0 -500 
-500 0 -500 0 
-3 -500 -2 -500 
-500 0 -500 0 
0 -500 0 -500 
-500 0 -500 0 
0 -500 0 -500 
-500 -500 0 0 
0 -500 0 -500 
0 0 0 -500 
0 -500 0 -500 
-500 0 -500 0 
0 -500 0 -500 
0 -500 -500 0 
0 0 -500 -500 
0 -500 0 -500 
0 -500 0 -500 
0 -500 0 -500 
0 0 0 -500 
0 -500 0 -500 
-500 0 -500 0 
0 -500 0 -500 
-500 0 -500 0 
0 -500 -2 -500 
-500 0 0 0 
0 -500 -2 -500 
-500 0 0 0 
0 0 0 -500 
-500 0 0 0 
-500 0 0 0 
-500 0 0 0 
0 -500 0 0 
-500 0 -500 0 
0 -500 0 -500 
-500 -500 -500 0 
-500 0 0 -500 
0 -500 0 -500 
-500 0 0 -500 
-500 0 -500 0 
-500 0 -500 0 
0 -500 -500 0 
-500 0 -500 0 
0 -500 0 -500 
-500 0 -500 0 
0 -3 -2 -500 
-500 -2 -500 -2 
-2 0 -500 -3 
-500 0 -500 0 
0 0 -500 0 
0 0 -500 0 
0 0 -500 0 
0 0 -500 0 
0 -500 -500 0 
-500 0 -500 0 
0 -500 0 -500 
-500 0 -500 0 
-500 0 -500 -500 
0 -500 -500 0 
0 -500 0 -500 
0 -500 0 0 
0 -500 0 -500 
0 -500 0 -500 
-500 0 0 -500 
0 -500 0 -500 
-500 0 -500 0 
-2 -500 -2 -500 
0 -500 -500 0 
0 -500 0 -500 
0 -500 0 -500 
0 -500 -500 -500 
0 -500 0 -500 
0 -500 0 -500 
0 -500 0 -500 
0 -500 0 -500 
-500 0 -500 -500 
0 -500 0 -500 
-500 -500 0 0 
0 -500 0 -500 
0 -500 0 -500 
0 0 -500 -500 
-500 0 -500 0 
-500 0 -500 0 
-500 0 -500 0 
-500 0 -500 0 
0 -500 -500 0 
-500 0 -500 0 
-3 -500 0 -500 
-500 0 -500 0 
-500 0 0 -500 
-500 -500 0 0 
-500 0 -500 0 
-500 0 0 -500 
-500 0 0 0 
-500 0 0 0 
-500 -500 0 0 
-500 0 -500 0 
0 0 -500 -500 
-500 0 -500 0 
-500 0 -500 0 
-500 -500 0 0 
0 -500 0 -500 
0 -500 0 -500 
0 -500 0 -500 
0 -500 0 -500 
0 -500 0 -500 
0 -500 0 -500 
-500 0 0 -500 
0 -500 0 -500 
-500 0 -500 0 
0 0 0 -500 
0 -500 0 0 
-500 0 -500 0 
0 0 0 -500 
0 0 -500 0 
0 0 0 0 
0 -500 0 0 
-500 -500 0 0 
0 -500 0 -500 
0 -500 0 -500 
0 0 0 -500 
0 -500 0 -500 
-500 0 0 -500 
-500 0 -500 0 
-500 0 -500 0 
-500 0 -500 0 
-500 0 -500 0 
-500 0 -500 0 
-500 0 -500 0 
0 -500 -500 0 
-500 0 -500 0 
0 0 0 -500 
0 -500 0 0 
-500 0 -500 0 
0 -500 0 -500 
0 0 -500 0 
0 0 0 -500 
0 0 -500 0 
-500 0 -500 0 
-500 0 -500 0 
-500 0 -500 0 
-500 0 -500 0 
0 -500 -500 0 
0 -500 0 -500 
0 -500 0 0 
0 -500 0 -500 
0 -500 -500 -500 
0 -500 0 -500 
0 -500 0 -500 
0 -500 0 -500 
0 -500 0 -500 
-500 0 0 -500 
0 0 0 -500 
0 -500 0 0 
-500 0 -500 0 
0 -500 0 -500 
-500 0 -500 0 
0 -500 0 -500 
0 -500 -500 0 
0 -500 0 -500 
0 -500 0 -500 
0 -500 0 -500 
0 -500 0 -500 
0 -500 0 -500 
0 0 0 -500 
-500 0 -500 0 
-500 -500 0 0 
-500 0 -500 0 
-500 0 0 -500 
-500 0 -500 0 
-500 0 -500 0 
-500 0 0 0 
-500 0 -500 0 
0 0 -500 0 
0 -500 0 0 
-500 0 -500 0 
0 -500 0 -500 
-500 0 -500 0 
0 -500 0 -500 
-500 0 -500 0 
-500 0 0 -500 
-500 0 -500 0 
-500 0 -500 0 
-500 0 0 0 
-500 -500 0 0 
0 -500 0 -500 
0 0 -500 0 
0 -500 0 -500 
-500 0 0 0 
0 -500 0 -500 
0 -500 -500 0 
0 0 -500 -500 
0 -500 0 -500 
0 -500 -500 0 
0 0 -500 -500 
0 -500 0 -500 
-500 0 0 0 
0 -500 0 -500 
-500 0 -500 0 
0 -500 0 -500 
-500 0 0 0 
0 -500 0 -500 
0 -500 -500 0 
0 0 -500 -500 
0 0 0 -500 
0 -500 0 0 
0 -500 -500 -500 
-500 0 -500 0 
0 0 -500 -500 
-500 0 -500 0 
0 -500 -500 0 
-500 -500 -500 0 
-500 0 -500 -500 
0 -500 -500 -500 
-500 -500 -500 0 
-500 0 -500 -500 
0 0 -500 -500 
-500 0 -500 0 
0 -500 -500 0 
-500 0 -500 0 
0 0 -500 -500 
-500 0 -500 0 
0 -500 -500 0 
-500 -500 -500 0 
-500 0 -500 -500 
0 0 -500 -500 
0 -500 -500 0 
