-500 -6 -500 -500 
-500 -6 -500 -6 
-500 -6 -500 -6 
-500 -500 -6 -6 
-500 0 -500 0 
-500 -6 -6 -500 
-500 -500 -6 -6 
-500 0 -500 0 
-500 -6 -6 -500 
-500 -6 -500 -6 
-500 -6 -500 -6 
-500 -6 -500 -6 
-500 -500 -500 -6 
-500 -500 -500 0 
-500 -500 -500 -500 
-500 -500 -500 -500 
-500 -500 -500 -500 
-500 -500 -500 -500 
-500 -500 -500 -500 
-500 -500 -500 -500 
-500 -500 -500 -500 
0 -500 0 -500 
0 -500 0 -500 
0 0 -500 -500 
-6 -500 -6 -500 
-500 0 -500 0 
-6 -6 -500 -500 
-6 -500 -6 -6 
-500 0 -500 0 
-6 -500 -6 -500 
0 -500 0 0 
0 -500 0 -500 
0 -500 0 -500 
0 -500 0 -500 
-500 -500 -500 -500 
-500 -500 -500 -500 
-500 -500 -500 -500 
-500 -500 -500 -500 
-500 -500 -500 -500 
-500 -500 -500 -500 
-500 -500 -500 -500 
-500 -500 -500 -500 
-500 -6 -6 -500 
-500 -500 -500 -6 
-500 0 -500 0 
-6 -500 -6 -500 
-500 -500 0 0 
0 0 0 -500 
-6 -500 -6 -500 
-500 0 -500 0 
-6 -6 -500 -500 
-500 -6 -500 -6 
-500 -6 -500 -6 
-500 -6 -6 -6 
-500 -500 -500 -6 
-500 -500 -500 0 
-500 -500 -500 -500 
-500 -500 -500 -500 
-500 -500 -500 -500 
-500 -500 -500 -500 
-500 -500 -500 -500 
-500 -500 -500 -500 
-500 -500 -500 -500 
-6 -500 -6 -500 
0 -500 0 0 
-500 0 0 -500 
-6 -6 -6 -500 
-500 -6 -6 -6 
-500 -6 -6 -6 
-6 -500 -6 -6 
-500 -500 0 0 
0 -500 0 -500 
0 -500 0 -500 
0 0 0 -500 
-6 -500 -6 -500 
0 -500 0 0 
-500 -500 -500 -500 
-500 -500 -500 -500 
-500 -500 -500 -500 
-500 -500 -500 -500 
-500 -500 -500 -500 
-500 -500 -500 -500 
-500 -500 -500 -500 
-500 -500 -500 -500 
-6 -6 -500 -500 
-500 -6 -500 -6 
-500 -6 -500 -6 
-6 -6 -500 -6 
-6 -6 -6 -6 
-6 -6 -6 -6 
-6 -6 -500 -6 
-500 -6 -500 -6 
-500 -6 -6 -6 
-500 -6 -500 -6 
-500 -6 -500 -6 
-6 -6 -500 -6 
-500 -500 -500 -6 
-500 -500 -500 0 
-500 -500 -500 -500 
-500 -500 -500 -500 
-500 -500 -500 -500 
-500 -500 -500 -500 
-500 -500 -500 -500 
-500 -500 -500 -500 
-500 -500 -500 -500 
0 -500 0 -500 
0 -500 0 -500 
0 -500 0 -500 
0 0 0 -500 
-6 -6 -6 -500 
-6 -500 -6 -6 
0 -500 -500 0 
0 0 0 -500 
-6 -500 -6 -500 
0 -500 0 0 
0 -500 0 -500 
0 -500 0 -500 
0 -500 -500 -500 
-500 -500 -500 -500 
-500 -500 -500 -500 
-500 -500 -500 -500 
-500 -500 -500 -500 
-500 -500 -500 -500 
-500 -500 -500 -500 
-500 -500 -500 -500 
-500 -500 -500 -500 
-500 -6 -6 -500 
-500 -6 -500 -6 
-500 -6 -6 -6 
-500 -6 -500 -6 
-6 -6 -6 -6 
-6 -500 -500 -6 
-500 0 -500 0 
-500 -6 -6 -500 
-6 -6 -500 -6 
-500 -6 -500 -6 
-500 -6 -500 -6 
-500 -500 -6 -6 
-500 -500 -500 0 
-500 -500 -500 -500 
-500 -500 -500 -500 
-500 -500 -500 -500 
-500 -500 -500 -500 
-500 -500 -500 -500 
-500 -500 -500 -500 
-500 -500 -500 -500 
-500 -500 -500 -500 
-6 -500 -6 -500 
0 0 -500 0 
-6 -500 -6 -500 
0 0 -500 0 
-6 -500 -6 -500 
0 -500 0 0 
-500 0 -500 -500 
-6 -500 -6 -500 
0 -500 -500 0 
0 -500 0 -500 
0 0 -500 -500 
-6 -500 -6 -500 
-500 -500 -500 0 
-500 -500 -500 -500 
-500 -500 -500 -500 
-500 -500 -500 -500 
-500 -500 -500 -500 
-500 -500 -500 -500 
-500 -500 -500 -500 
-500 -500 -500 -500 
-500 -500 -500 -500 
-6 -500 -6 -500 
-500 0 -500 0 
-6 -500 -500 -500 
-500 0 -500 0 
-6 -6 -500 -500 
-500 -500 -6 -6 
-500 0 -500 0 
-6 -500 -6 -500 
-500 0 -500 0 
-500 -500 -6 -500 
-500 0 -500 0 
-6 -500 -6 -500 
-500 -500 -500 0 
-500 -500 -500 -500 
-500 -500 -500 -500 
-500 -500 -500 -500 
-500 -500 -500 -500 
-500 -500 -500 -500 
-500 -500 -500 -500 
-500 -500 -500 -500 
-500 -500 -500 -500 
-6 -500 -6 -500 
-500 -500 0 0 
0 -500 0 -500 
-500 -500 0 -500 
0 0 -500 -500 
-6 -500 -6 -500 
-500 0 0 0 
-6 -500 -6 -500 
-500 0 -500 0 
-6 -500 -6 -500 
-500 0 -500 0 
-6 -500 -5 -500 
-500 -500 -500 0 
-500 -500 -500 -500 
-500 -500 -500 -500 
-500 -500 -500 -500 
-500 -500 -500 -500 
-500 -500 -500 -500 
-500 -500 -500 -500 
-500 -500 -500 -500 
-500 -500 -500 -500 
-6 -6 -500 -500 
-500 -6 -500 -6 
-500 -6 -500 -6 
-500 -500 -6 -6 
-500 0 0 0 
-6 -6 -6 -500 
-500 -6 -500 -6 
-6 -500 -6 -6 
-500 0 -500 0 
-6 -500 -6 -500 
-500 0 -500 0 
-6 -500 -4 -500 
-500 -500 0 0 
-500 -500 -500 -500 
-500 -500 -500 -500 
-500 -500 -500 -500 
-500 -500 -500 -500 
-500 -500 -500 -500 
-500 -500 -500 -500 
-500 -500 -500 -500 
-500 -500 -500 -500 
0 -500 0 -500 
0 -500 0 -500 
0 0 0 -500 
-6 -6 -6 -500 
-500 -6 -500 -6 
-6 -500 -6 -6 
0 0 -500 0 
-6 -500 -6 -500 
-500 0 0 0 
-6 -500 -5 -500 
-500 0 0 0 
-5 -3 -3 -500 
-500 -500 -2 -4 
-500 -500 -500 0 
-500 -500 -500 -500 
-500 -500 -500 -500 
-500 -500 -500 -500 
-500 -500 -500 -500 
-500 -500 -500 -500 
-500 -500 -500 -500 
-500 -500 -500 -500 
-500 -6 -500 -500 
-500 -6 -500 -6 
-500 -6 -500 -6 
-6 -500 -500 -6 
0 0 -500 0 
-6 -500 -500 -500 
-500 0 -500 0 
-6 -6 -500 -500 
-500 -5 -500 -6 
-6 -4 -500 -6 
-500 -3 -500 -5 
-4 -2 -500 -4 
0 -500 -500 0 
-500 -500 -500 0 
-500 -500 -500 -500 
-500 -500 -500 -500 
-500 -500 -500 -500 
-500 -500 -500 -500 
-500 -500 -500 -500 
-500 -500 -500 -500 
-500 -500 -500 -500 
0 -500 -500 -500 
0 -500 -500 -500 
0 -500 -500 -500 
0 -500 -500 -500 
-500 -500 -500 -500 
0 -500 -500 -500 
-500 -500 -500 -500 
0 -500 -500 -500 
0 -500 -500 -500 
0 -500 -500 -500 
0 -500 -500 -500 
0 -500 -500 -500 
0 -500 -500 -500 
-500 -500 -500 -500 
-500 -500 -500 -500 
-500 -500 -500 -500 
-500 -500 -500 -500 
-500 -500 -500 -500 
-500 -500 -500 -500 
-500 -500 -500 -500 
-500 -500 -500 -500 
-500 -500 -500 -500 
-500 -500 -500 -500 
-500 -500 -500 -500 
-500 -500 -500 -500 
-500 -500 -500 -500 
-500 -500 -500 -500 
-500 -500 -500 -500 
-500 -500 -500 -500 
-500 -500 -500 -500 
-500 -500 -500 -500 
-500 -500 -500 -500 
-500 -500 -500 -500 
-500 -500 -500 -500 
-500 -500 -500 -500 
-500 -500 -500 -500 
-500 -500 -500 -500 
-500 -500 -500 -500 
-500 -500 -500 -500 
-500 -500 -500 -500 
-500 -500 -500 -500 
-500 -500 -500 -500 
-500 -500 -500 -500 
-500 -500 -500 -500 
-500 -500 -500 -500 
-500 -500 -500 -500 
-500 -500 -500 -500 
-500 -500 -500 -500 
-500 -500 -500 -500 
-500 -500 -500 -500 
-500 -500 -500 -500 
-500 -500 -500 -500 
-500 -500 -500 -500 
-500 -500 -500 -500 
-500 -500 -500 -500 
-500 -500 -500 -500 
-500 -500 -500 -500 
-500 -500 -500 -500 
-500 -500 -500 -500 
-500 -500 -500 -500 
-500 -500 -500 -500 
-500 -500 -500 -500 
-500 -500 -500 -500 
-500 -500 -500 -500 
-500 -500 -500 -500 
-500 -500 -500 -500 
-500 -500 -500 -500 
-500 -500 -500 -500 
-500 -500 -500 -500 
-500 -500 -500 -500 
-500 -500 -500 -500 
-500 -500 -500 -500 
-500 -500 -500 -500 
-500 -500 -500 -500 
-500 -500 -500 -500 
-500 -500 -500 -500 
-500 -500 -500 -500 
-500 -500 -500 -500 
-500 -500 -500 -500 
-500 -500 -500 -500 
-500 -500 -500 -500 
-500 -500 -500 -500 
-500 -500 -500 -500 
-500 -500 -500 -500 
-500 -500 -500 -500 
-500 -500 -500 -500 
-500 -500 -500 -500 
-500 -500 -500 -500 
-500 -500 -500 -500 
-500 -500 -500 -500 
-500 -500 -500 -500 
-500 -500 -500 -500 
-500 -500 -500 -500 
-500 -500 -500 -500 
-500 -500 -500 -500 
-500 -500 -500 -500 
-500 -500 -500 -500 
-500 -500 -500 -500 
-500 -500 -500 -500 
-500 -500 -500 -500 
-500 -500 -500 -500 
-500 -500 -500 -500 
-500 -500 -500 -500 
-500 -500 -500 -500 
-500 -500 -500 -500 
-500 -500 -500 -500 
-500 -500 -500 -500 
-500 -500 -500 -500 
-500 -500 -500 -500 
-500 -500 -500 -500 
-500 -500 -500 -500 
-500 -500 -500 -500 
-500 -500 -500 -500 
-500 -500 -500 -500 
-500 -500 -500 -500 
-500 -500 -500 -500 
-500 -500 -500 -500 
-500 -500 -500 -500 
-500 -500 -500 -500 
-500 -500 -500 -500 
-500 -500 -500 -500 
-500 -500 -500 -500 
-500 -500 -500 -500 
-500 -500 -500 -500 
-500 -500 -500 -500 
-500 -500 -500 -500 
-500 -500 -500 -500 
-500 -500 -500 -500 
-500 -500 -500 -500 
-500 -500 -500 -500 
-500 -500 -500 -500 
-500 -500 -500 -500 
-500 -500 -500 -500 
-500 -500 -500 -500 
-500 -500 -500 -500 
-500 -500 -500 -500 
-500 -500 -500 -500 
-500 -500 -500 -500 
-500 -500 -500 -500 
-500 -500 -500 -500 
-500 -500 -500 -500 
-500 -500 -500 -500 
-500 -500 -500 -500 
-500 -500 -500 -500 
-500 -500 -500 -500 
-500 -500 -500 -500 
-500 -500 -500 -500 
-500 -500 -500 -500 
-500 -500 -500 -500 
-500 -500 -500 -500 
-500 -500 -500 -500 
-500 -500 -500 -500 
-500 -500 -500 -500 
-500 -500 -500 -500 
-500 -500 -500 -500 
-500 -500 -500 -500 
-500 -500 -500 -500 
-500 -500 -500 -500 
-500 -500 -500 -500 
-500 -500 -500 -500 
-500 -500 -500 -500 
-500 -500 -500 -500 
-500 -500 -500 -500 
-500 -500 -500 -500 
-500 -500 -500 -500 
-500 -500 -500 -500 
-500 -500 -500 -500 
-500 -500 -500 -500 
