-500 -6 -500 -500 
-500 -6 -500 -6 
-500 -6 -500 -6 
-500 -500 -6 -6 
-500 0 -500 0 
-500 -6 -6 -500 
-500 -500 -6 -6 
-500 0 -500 0 
-500 -6 -6 -500 
-500 -6 -500 -6 
-500 -6 -500 -6 
-500 -6 -500 -6 
-500 -6 -500 -6 
-500 -6 -500 -6 
-500 -6 -500 -6 
-500 -6 -500 -6 
-500 -6 -500 -6 
-500 -500 -500 -6 
-500 0 -500 0 
-500 -6 -6 -500 
-500 -500 -500 -6 
0 -500 0 -500 
0 -500 0 -500 
0 0 -500 -500 
-6 -500 -6 -500 
-500 0 -500 0 
-6 -6 -500 -500 
-6 -500 -6 -6 
-500 0 -500 0 
-6 -500 -6 -500 
0 -500 0 0 
0 -500 0 -500 
0 -500 0 -500 
0 -500 0 -500 
0 -500 0 -500 
0 -500 0 -500 
0 -500 0 -500 
0 -500 0 -500 
0 -500 0 -500 
-500 0 -500 -500 
-6 -500 -6 -500 
0 -500 0 0 
-500 -6 -6 -500 
-500 -500 -500 -6 
-500 0 -500 0 
-6 -500 -6 -500 
-500 -500 0 0 
0 0 0 -500 
-6 -500 -6 -500 
-500 0 -500 0 
-6 -6 -500 -500 
-500 -6 -500 -6 
-500 -6 -500 -6 
-500 -6 -500 -6 
-500 -6 -500 -6 
-500 -6 -500 -6 
-500 -6 -500 -6 
-500 -6 -500 -6 
-500 -6 -6 -6 
-500 -500 -6 -6 
-500 0 -500 0 
-6 -6 -6 -500 
-500 -500 -500 -6 
-6 -500 -6 -500 
0 -500 0 0 
-500 0 0 -500 
-6 -6 -6 -500 
-500 -6 -6 -6 
-500 -6 -6 -6 
-6 -500 -6 -6 
-500 -500 0 0 
0 -500 0 -500 
0 -500 0 -500 
0 -500 0 -500 
0 -500 0 -500 
0 -500 0 -500 
0 -500 0 -500 
0 -500 0 -500 
0 0 -500 -500 
-6 -6 -6 -500 
-6 -500 -6 -6 
-500 0 -500 0 
-6 -500 -6 -500 
0 -500 0 0 
-6 -6 -500 -500 
-500 -6 -500 -6 
-500 -6 -500 -6 
-6 -6 -500 -6 
-6 -6 -6 -6 
-6 -6 -6 -6 
-6 -6 -500 -6 
-500 -6 -500 -6 
-500 -6 -500 -6 
-500 -6 -500 -6 
-500 -6 -500 -6 
-500 -6 -500 -6 
-500 -6 -500 -6 
-500 -6 -6 -6 
-500 -500 -500 -6 
-500 0 -500 0 
-6 -6 -6 -500 
-6 -500 -6 -6 
-500 0 -500 0 
-6 -6 -500 -500 
-500 -500 -6 -6 
0 -500 0 -500 
0 -500 0 -500 
0 -500 0 -500 
0 0 -500 -500 
-6 -6 -6 -500 
-6 -500 -6 -6 
0 -500 -500 0 
0 -500 0 -500 
0 -500 0 -500 
0 -500 0 -500 
0 -500 0 -500 
0 -500 0 -500 
0 0 -500 -500 
-6 -500 -6 -500 
0 -500 -500 0 
-500 0 0 -500 
-6 -6 -6 -500 
-6 -500 -6 -6 
-500 -500 0 0 
0 0 0 -500 
-6 -500 -6 -500 
-500 -6 -6 -500 
-500 -6 -500 -6 
-500 -500 -6 -6 
-500 0 -500 0 
-6 -6 -6 -500 
-6 -500 -500 -6 
-500 0 -500 0 
-500 -6 -6 -500 
-500 -6 -500 -6 
-500 -6 -500 -6 
-500 -6 -500 -6 
-500 -500 -6 -6 
-500 0 -500 0 
-6 -500 -6 -500 
-500 0 -500 0 
-500 -6 -6 -500 
-6 -6 -6 -6 
-6 -6 -6 -6 
-500 -6 -6 -6 
-500 -6 -6 -6 
-6 -500 -6 -6 
-6 -500 -6 -500 
0 0 -500 0 
-6 -500 -6 -500 
-500 0 -500 0 
-6 -500 -6 -500 
0 -500 0 0 
-500 0 -500 -500 
-6 -500 -6 -500 
0 -500 -500 0 
0 -500 0 -500 
0 0 -500 -500 
-6 -500 -6 -500 
-500 0 -500 0 
-6 -500 -6 -500 
-500 0 -500 0 
-6 -6 -6 -500 
-6 -6 -500 -6 
-6 -6 -500 -6 
-6 -6 -500 -6 
-6 -6 -500 -6 
-6 -500 -500 -6 
-6 -500 -6 -500 
-500 0 -500 0 
-6 -500 -500 -500 
-500 0 -500 0 
-6 -6 -500 -500 
-500 -500 -6 -6 
-500 0 -500 0 
-6 -500 -6 -500 
-500 0 -500 0 
-500 -500 -6 -500 
-500 0 -500 0 
-6 -500 -6 -500 
-500 0 -500 0 
-6 -500 -6 -500 
-500 0 0 0 
-6 -500 -6 -500 
0 -500 -500 0 
0 -500 0 -500 
0 -500 0 -500 
0 -500 0 -500 
0 -500 0 -500 
-6 -500 -6 -500 
-500 -500 0 0 
0 -500 0 -500 
-500 -500 0 -500 
0 0 -500 -500 
-6 -500 -6 -500 
-500 0 -500 0 
-6 -500 -6 -500 
-500 0 -500 0 
-6 -500 -6 -500 
-500 0 -500 0 
-6 -500 -6 -500 
-500 0 -500 0 
-6 -6 -500 -500 
-500 -6 -500 -6 
-6 -500 -6 -6 
-500 0 -500 0 
-500 -6 -6 -500 
-500 -6 -500 -6 
-500 -6 -500 -6 
-500 -500 -6 -6 
-6 -6 -500 -500 
-500 -6 -500 -6 
-500 -6 -500 -6 
-500 -500 -6 -6 
-500 0 -500 0 
-6 -500 -6 -500 
-500 0 -500 0 
-6 -500 -6 -500 
-500 0 -500 0 
-6 -500 -6 -500 
-500 0 -500 0 
-6 -500 -6 -500 
-500 -500 0 0 
0 -500 0 -500 
0 0 0 -500 
-6 -500 -6 -500 
-500 0 -500 0 
-6 -500 -6 -500 
0 -500 -500 0 
0 0 -500 -500 
-6 -500 -6 -500 
0 -500 0 -500 
0 -500 0 -500 
0 0 0 -500 
-6 -500 -6 -500 
-500 0 -500 0 
-6 -500 -6 -500 
-500 0 -500 0 
-6 -500 -6 -500 
-500 0 0 0 
-6 -500 -6 -500 
-500 0 0 0 
-6 -6 -6 -500 
-500 -6 -6 -6 
-500 -6 -6 -6 
-500 -6 -6 -6 
-6 -500 -6 -6 
-500 0 -500 0 
-6 -500 -6 -500 
-500 -500 -500 0 
-500 0 0 -500 
-6 -500 -6 -500 
-500 -6 -6 -500 
-500 -6 -500 -6 
-500 -6 -500 -6 
-6 -500 -500 -6 
-500 0 -500 0 
-6 -500 -6 -500 
-500 0 -500 0 
-6 -6 -6 -500 
-500 -6 -500 -6 
-6 -6 -500 -6 
-500 -6 -500 -6 
-6 -6 -500 -6 
-6 -6 -500 -6 
-6 -6 -500 -6 
-6 -6 -500 -6 
-6 -500 -500 -6 
-500 0 -500 0 
-6 -500 -6 -500 
-500 0 -500 0 
-500 -6 -500 -500 
-6 -500 -500 -6 
-6 -500 -6 -500 
0 -500 0 0 
0 -500 0 -500 
0 -500 0 -500 
-500 0 0 -500 
-6 -500 -6 -500 
-500 0 -500 0 
-6 -500 -6 -500 
0 -500 -500 0 
0 -500 0 -500 
0 -500 0 -500 
0 -500 -500 -500 
0 -500 0 -500 
0 -500 0 -500 
0 -500 0 -500 
0 -500 0 -500 
-500 0 -500 -500 
-6 -500 -6 -500 
-500 -500 0 0 
0 -500 0 -500 
0 -500 0 -500 
-6 -6 -500 -500 
-500 -6 -500 -6 
-500 -6 -500 -6 
-500 -6 -500 -6 
-500 -6 -500 -6 
-6 -500 -500 -6 
-500 0 -500 0 
-6 -500 -6 -500 
-500 0 -500 0 
-500 -6 -6 -500 
-500 -500 -6 -6 
-500 0 -500 0 
-500 3 3 -500 
-500 4 4 2 
-500 3 6 3 
-500 -500 4 4 
-500 0 -500 0 
-6 -6 -500 -500 
-500 -5 -500 -6 
-500 -4 -500 -6 
-500 -500 -3 -5 
0 -500 0 -500 
0 -500 0 -500 
0 -500 0 -500 
0 -500 0 -500 
0 -500 0 -500 
0 -500 0 -500 
-500 0 0 -500 
-6 -500 -6 -500 
-500 0 -500 0 
-6 -6 -6 -500 
-6 -500 -6 -6 
-500 0 -500 0 
2 4 2 -500 
3 6 -500 3 
4 4 8 4 
3 -500 6 6 
-500 -500 0 0 
0 -500 0 -500 
0 -500 0 -500 
0 0 0 -500 
-4 -500 -2 -500 
-500 -6 -6 -500 
-500 -6 -500 -6 
-500 -6 -500 -6 
-500 -6 -500 -6 
-500 -6 -500 -6 
-500 -6 -500 -6 
-500 -6 -500 -6 
-6 -500 -500 -6 
-500 0 -500 0 
-6 -6 -6 -500 
-6 -500 -6 -6 
-500 0 -500 0 
3 -500 1 -500 
0 0 -500 0 
6 6 10 -500 
4 4 -500 8 
-500 3 -500 6 
-500 2 -500 4 
-500 1 -500 3 
-500 -2 -500 2 
-3 -500 -500 1 
-6 -500 -6 -500 
0 -500 0 0 
0 -500 0 -500 
0 -500 -500 -500 
0 -500 0 -500 
0 -500 0 -500 
0 -500 0 -500 
0 -500 0 -500 
-500 0 0 -500 
-6 -6 -6 -500 
-6 -500 -6 -6 
-500 0 -500 0 
2 -500 -2 -500 
-500 0 -500 0 
8 -500 13 -500 
0 -500 -500 0 
0 -500 0 -500 
0 -500 0 -500 
0 -500 0 -500 
0 -500 0 -500 
0 -500 0 -500 
-6 -6 -6 -500 
-500 -6 -500 -6 
-500 -500 -6 -6 
-500 0 -500 0 
-500 -6 -6 -500 
-500 -6 -500 -6 
-500 -6 -500 -6 
-500 -6 -6 -6 
-500 -6 -500 -6 
-6 -6 -500 -6 
-6 -500 -6 -6 
-500 0 -500 0 
1 -500 -3 -500 
-500 0 -500 0 
10 -500 17 -500 
-500 0 -500 0 
-500 71 44 -500 
-500 89 -500 56 
-500 112 -500 71 
-500 140 140 89 
-500 -500 176 112 
-6 -500 -6 -500 
0 0 -500 0 
-6 -500 -6 -500 
-500 0 0 0 
-6 -500 -6 -500 
0 -500 -500 0 
0 0 -500 -500 
-6 -500 -6 -500 
0 -500 -500 0 
0 0 -500 -500 
-6 -500 -6 -500 
-500 0 0 0 
-2 -500 -4 -500 
-500 0 -500 0 
13 -500 22 -500 
-500 0 0 0 
56 -500 35 -500 
0 -500 -500 0 
0 0 -500 -500 
112 176 176 -500 
140 -500 220 140 
-6 -500 -500 -500 
-500 0 -500 0 
-6 -6 -500 -500 
-500 -6 -500 -6 
-6 -500 -500 -6 
-500 -500 -500 0 
-500 0 -500 -500 
-6 -500 -500 -500 
-500 -500 -500 0 
-500 0 -500 -500 
-6 -5 -500 -500 
-500 -4 -500 -6 
-3 -500 -500 -5 
-500 0 -500 0 
17 28 -500 -500 
-500 35 -500 22 
44 -500 -500 28 
-500 -500 -500 0 
-500 0 -500 -500 
140 220 -500 -500 
276 -500 -500 276 
